400	100000	2.5	0.09375	(177367.58149999857, 0)
400	100000	2.5	0.078125	(256362.42509999717, 0)
400	100000	2.5	0.09375	(239070.8532000006, 0)
400	100000	2.5	0.09375	(231197.7331000028, 0)
400	100000	2.5	0.078125	(208514.66769999996, 0)
400	100000	2.5	0.09375	(257386.15850000083, 0)
400	100000	2.5	0.09375	(213241.8986000007, 0)
400	100000	2.5	0.09375	(195435.7821000003, 0)
400	100000	2.5	0.078125	(317753.1272000016, 0)
400	100000	2.5	0.078125	(197111.86779999905, 0)
400	100000	2.0	0.078125	(66765.15229999978, 0)
400	100000	2.0	0.078125	(50360.46280000042, 0)
400	100000	2.0	0.078125	(38212.66739999945, 0)
400	100000	2.0	0.09375	(48553.1279, 0)
400	100000	2.0	0.09375	(62631.04539999855, 0)
400	100000	2.0	0.0625	(57875.93370000077, 0)
400	100000	2.0	0.09375	(51920.16049999982, 0)
400	100000	2.0	0.078125	(45958.34090000109, 0)
400	100000	2.0	0.140625	(69399.44179999913, 0)
400	100000	2.0	0.09375	(54935.99009999895, 0)
400	10000	2.5	0.078125	(177367.58149999857, 0)
400	10000	2.5	0.078125	(256362.42509999717, 0)
400	10000	2.5	0.09375	(239070.8532000006, 0)
400	10000	2.5	0.09375	(231197.7331000028, 0)
400	10000	2.5	0.09375	(208514.66769999996, 0)
400	10000	2.5	0.09375	(257386.15850000083, 0)
400	10000	2.5	0.09375	(213241.8986000007, 0)
400	10000	2.5	0.09375	(195435.7821000003, 0)
400	10000	2.5	0.09375	(317753.1272000016, 0)
400	10000	2.5	0.09375	(197111.86779999905, 0)
400	10000	2.0	648.453125	(50141.17980000004, 2)
400	10000	2.0	0.09375	(50360.46280000042, 0)
400	10000	2.0	0.078125	(38212.66739999945, 0)
400	10000	2.0	1415.234375	(44329.66419999983, 1)
400	10000	2.0	1511.234375	(62631.04539999855, 0)
400	10000	2.0	1323.140625	(55680.33439999944, 1)


400	10000	2.0	1166.359375	(46003.47879999991, 1)
400	10000	2.0	1402.40625	(32882.73220000007, 1)
400	10000	2.0	0.09375	(69399.44179999913, 0)
400	10000	2.0	1458.71875	(41950.579699999354, 1)
400	1000	2.5	0.09375	(177367.58149999857, 0)
400	1000	2.5	0.078125	(256362.42509999717, 0)
400	1000	2.5	0.09375	(239070.8532000006, 0)
400	1000	2.5	0.09375	(231197.7331000028, 0)
400	1000	2.5	0.078125	(208514.66769999996, 0)
400	1000	2.5	0.078125	(257386.15850000083, 0)
400	1000	2.5	0.09375	(213241.8986000007, 0)
400	1000	2.5	0.09375	(195435.7821000003, 0)
400	1000	2.5	0.09375	(317753.1272000016, 0)
400	1000	2.5	0.09375	(197111.86779999905, 0)
400	1000	2.0	30.796875	(31092.868400000058, 3)
400	1000	2.0	0.09375	(50360.46280000042, 0)
400	1000	2.0	209.109375	(32256.528300000038, 1)
400	1000	2.0	44.3125	(34612.74369999984, 2)
400	1000	2.0	48.25	(54445.076899999855, 1)
400	1000	2.0	35.25	(46680.33439999944, 1)
400	1000	2.0	687.984375	(35603.13119999994, 3)
400	1000	2.0	31.15625	(21704.243899999794, 3)
400	1000	2.0	0.078125	(69399.44179999913, 0)
400	1000	2.0	140.9375	(31797.36679999982, 3)
400	100	2.5	0.09375	(177367.58149999857, 0)
400	100	2.5	0.078125	(256362.42509999717, 0)
400	100	2.5	0.078125	(239070.8532000006, 0)
400	100	2.5	0.09375	(231197.7331000028, 0)
400	100	2.5	0.09375	(208514.66769999996, 0)
400	100	2.5	0.09375	(257386.15850000083, 0)
400	100	2.5	0.109375	(213241.8986000007, 0)
400	100	2.5	0.09375	(195435.7821000003, 0)
400	100	2.5	0.078125	(317753.1272000016, 0)
400	100	2.5	0.09375	(197111.86779999905, 0)
400	100	2.0	30.609375	(27663.17220000011, 7)
400	100	2.0	110.59375	(49997.804500000406, 1)
400	100	2.0	207.96875	(31356.528300000038, 1)
400	100	2.0	31.15625	(32506.77799999966, 6)
400	100	2.0	47.5625	(52931.46269999994, 3)
400	100	2.0	34.0625	(44840.8258999994, 3)
