200	100000	2.5	2.25	63120.23469999994
200	100000	2.5	1.953125	40637.29739999993
200	100000	2.5	1.84375	71814.78459999974
200	100000	2.5	1.84375	73378.49210000009
200	100000	2.5	1.84375	49088.33580000018
200	100000	2.5	1.796875	78077.96170000033
200	100000	2.5	1.859375	58414.849799999385
200	100000	2.5	1.796875	69558.11860000026
200	100000	2.5	1.828125	54351.675200000085
200	100000	2.5	1.75	50666.2106999997
200	100000	2.0	2.359375	17626.271899999952
200	100000	2.0	2.265625	26782.94299999985
200	100000	2.0	2.0625	17760.747799999932
200	100000	2.0	1.71875	18647.561399999882
200	100000	2.0	2.734375	21709.281600000104
200	100000	2.0	1.5	19160.99989999986
200	100000	2.0	1.90625	18254.269499999948
200	100000	2.0	1.765625	12865.989300000047
200	100000	2.0	1.828125	15539.165700000036
200	100000	2.0	2.203125	16452.713699999993
200	100000	1.5	2.40625	62264.263699999705
200	100000	1.5	2.4375	78157.75589999979
200	100000	1.5	2.375	60365.63920000002
200	100000	1.5	2.71875	51724.89770000038
200	100000	1.5	2.375	72549.67309999985
200	100000	1.5	3.609375	51641.37660000027
200	100000	1.5	2.375	69550.50470000038
200	100000	1.5	2.421875	57168.21299999968
200	100000	1.5	2.390625	61320.36680000006
200	100000	1.5	2.375	65947.3656000002
200	100000	1.0	3.109375	121289.4551000002
200	100000	1.0	2.375	135174.09640000007
200	100000	1.0	2.359375	120589.44580000006
200	100000	1.0	2.453125	111175.31980000007
200	100000	1.0	2.6875	132531.4240999997
200	100000	1.0	2.4375	113724.62470000029
200	100000	1.0	2.390625	128946.66559999957
200	100000	1.0	2.96875	116775.99510000016
200	100000	1.0	2.390625	118807.74200000014
200	100000	1.0	2.40625	124551.89840000015
200	100000	0.5	2.375	180209.9715999998
200	100000	0.5	2.375	183293.2034
200	100000	0.5	2.359375	181748.2375999999
200	100000	0.5	2.34375	171274.9351999999
200	100000	0.5	2.328125	184630.61419999966
200	100000	0.5	2.34375	176142.092
200	100000	0.5	2.375	185040.74749999985
200	100000	0.5	2.34375	176546.94610000003
200	100000	0.5	2.40625	177742.2506000002
200	100000	0.5	2.40625	183418.00629999963
200	10000	2.5	2.3125	63120.23469999994
200	10000	2.5	2.0	40637.29739999993
200	10000	2.5	1.90625	71814.78459999974
200	10000	2.5	1.765625	73378.49210000009
200	10000	2.5	1.859375	49088.33580000018
200	10000	2.5	1.78125	78077.96170000033
200	10000	2.5	1.84375	58414.849799999385
200	10000	2.5	1.78125	69558.11860000026
200	10000	2.5	1.78125	54351.675200000085
200	10000	2.5	1.71875	50666.2106999997
200	10000	2.0	2.34375	17626.271899999952
200	10000	2.0	2.265625	22891.31759999998
200	10000	2.0	2.015625	17760.747799999932
200	10000	2.0	1.640625	18647.561399999882
200	10000	2.0	2.765625	21709.281600000104
200	10000	2.0	1.5	19160.99989999986
200	10000	2.0	1.90625	18254.269499999948
200	10000	2.0	1.765625	12865.989300000047
200	10000	2.0	1.90625	15539.165700000036
200	10000	2.0	2.09375	16452.713699999993
200	10000	1.5	2.34375	36362.65539999981
200	10000	1.5	2.375	34135.63359999994
200	10000	1.5	2.46875	34396.676600000006
200	10000	1.5	2.640625	34902.275900000175
200	10000	1.5	2.359375	34768.551899999846
200	10000	1.5	3.34375	35008.757799999985
200	10000	1.5	2.4375	37309.25040000026
200	10000	1.5	2.34375	33363.18599999984
200	10000	1.5	2.40625	31953.78280000015
200	10000	1.5	2.421875	39194.9331000001
200	10000	1.0	3.171875	56855.83890000008
200	10000	1.0	2.390625	55864.61050000012
200	10000	1.0	2.375	53646.267500000045
200	10000	1.0	2.4375	56144.55230000009
200	10000	1.0	2.65625	56679.46279999985
200	10000	1.0	2.375	56208.23750000019
200	10000	1.0	2.34375	52544.64569999995
200	10000	1.0	2.96875	53313.06310000001
200	10000	1.0	2.375	53127.270600000054
200	10000	1.0	2.390625	58458.03110000005
200	10000	0.5	2.34375	71885.68529999992
200	10000	0.5	2.421875	70451.9665
200	10000	0.5	2.34375	68954.15040000003
200	10000	0.5	2.328125	71489.41389999996
200	10000	0.5	2.3125	72462.72029999997
200	10000	0.5	2.34375	73471.99250000001
200	10000	0.5	2.359375	67034.48719999995
200	10000	0.5	2.34375	68731.40569999997
200	10000	0.5	2.375	67330.04970000005
200	10000	0.5	2.359375	72305.74849999994
200	1000	2.5	2.328125	63120.23469999994
200	1000	2.5	2.0	40637.29739999993
200	1000	2.5	1.84375	71814.78459999974
200	1000	2.5	1.796875	73378.49210000009
200	1000	2.5	1.765625	49088.33580000018
200	1000	2.5	1.796875	78077.96170000033
200	1000	2.5	1.78125	58414.849799999385
200	1000	2.5	1.765625	69558.11860000026
200	1000	2.5	1.765625	54351.675200000085
200	1000	2.5	1.75	50666.2106999997
200	1000	2.0	2.234375	16644.376300000047
200	1000	2.0	2.21875	13684.349800000053
200	1000	2.0	2.0	17743.762299999908
200	1000	2.0	1.640625	18647.561399999882
200	1000	2.0	2.75	16634.870299999802
200	1000	2.0	1.5625	19160.99989999986
200	1000	2.0	1.875	16243.554300000023
200	1000	2.0	1.78125	12865.989300000047
200	1000	2.0	1.84375	15469.138199999968
200	1000	2.0	2.140625	11799.49410000004
200	1000	1.5	2.375	13640.403299999985
200	1000	1.5	2.421875	12150.89740000002
200	1000	1.5	2.4375	11951.623500000016
200	1000	1.5	2.6875	12355.28460000002
200	1000	1.5	2.40625	12426.58049999996
200	1000	1.5	3.296875	12216.485000000015
200	1000	1.5	2.34375	13822.78909999999
200	1000	1.5	2.359375	11983.298199999967
200	1000	1.5	2.390625	13046.179700000044
200	1000	1.5	2.328125	13534.227500000045
200	1000	1.0	3.09375	18242.784300000007
200	1000	1.0	2.328125	16882.59770000001
200	1000	1.0	2.359375	16042.879799999997
200	1000	1.0	2.421875	18265.35410000002
200	1000	1.0	2.65625	17384.636799999986
200	1000	1.0	2.421875	17090.311900000033
200	1000	1.0	2.40625	16621.300099999982
200	1000	1.0	2.96875	16630.37829999999
200	1000	1.0	2.34375	17606.465599999985
200	1000	1.0	2.4375	17986.870199999994
200	1000	0.5	2.375	22734.68759999999
200	1000	0.5	2.40625	21778.036599999996
200	1000	0.5	2.328125	21075.293099999995
200	1000	0.5	2.34375	23237.992199999997
200	1000	0.5	2.328125	21502.33029999995
200	1000	0.5	2.421875	21939.702300000023
200	1000	0.5	2.375	21252.370899999973
200	1000	0.5	2.328125	22523.9136
200	1000	0.5	2.359375	22868.96890000002
200	1000	0.5	2.3125	22704.677799999965
200	100	2.5	2.25	63120.23469999994
200	100	2.5	2.046875	40637.29739999993
200	100	2.5	1.84375	71814.78459999974
200	100	2.5	1.734375	73378.49210000009
200	100	2.5	1.765625	49088.33580000018
200	100	2.5	1.75	78077.96170000033
200	100	2.5	1.78125	58414.849799999385
200	100	2.5	1.78125	69558.11860000026
200	100	2.5	1.84375	54351.675200000085
200	100	2.5	1.71875	50666.2106999997
200	100	2.0	2.3125	15169.836800000086
200	100	2.0	2.28125	11638.443000000048
200	100	2.0	2.0625	16818.7733999999
200	100	2.0	1.671875	17500.474499999862
200	100	2.0	2.671875	15341.627299999776
200	100	2.0	1.53125	19160.99989999986
200	100	2.0	1.9375	15319.390300000023
200	100	2.0	1.78125	12082.806999999995
200	100	2.0	1.890625	14512.637899999958
200	100	2.0	2.09375	9327.67390000003
200	100	1.5	2.359375	5762.051899999984
200	100	1.5	2.34375	4733.382600000016
200	100	1.5	2.390625	5504.346700000016
200	100	1.5	2.671875	4664.655400000014
200	100	1.5	2.40625	5755.039700000007
200	100	1.5	3.328125	5912.007999999995
200	100	1.5	2.359375	7315.443799999964
200	100	1.5	2.375	5245.936999999987
200	100	1.5	2.546875	5713.657700000012
200	100	1.5	2.375	5378.73089999999
200	100	1.0	3.1875	5450.650800000008
200	100	1.0	2.390625	5139.567200000003
200	100	1.0	2.390625	4682.437499999984
200	100	1.0	2.4375	5198.023200000015
200	100	1.0	2.65625	5350.635199999998
200	100	1.0	2.359375	5166.312900000008
200	100	1.0	2.359375	5294.780400000008
200	100	1.0	2.90625	5190.349000000002
200	100	1.0	2.359375	5274.363900000016
200	100	1.0	2.421875	5138.935499999998
200	100	0.5	2.34375	6163.903299999998
200	100	0.5	2.390625	6235.958199999988
200	100	0.5	2.34375	5989.294699999993
200	100	0.5	2.34375	6082.83340000001
200	100	0.5	2.359375	6254.353799999999
200	100	0.5	2.40625	6120.880400000005
200	100	0.5	2.375	6119.132799999993
200	100	0.5	2.359375	6140.256099999999
200	100	0.5	2.375	6404.7757999999985
200	100	0.5	2.359375	6425.659199999982
200	10	2.5	2.34375	63120.23469999994
200	10	2.5	1.984375	40637.29739999993
200	10	2.5	1.828125	71814.78459999974
200	10	2.5	1.8125	73378.49210000009
200	10	2.5	1.75	49088.33580000018
200	10	2.5	1.765625	78077.96170000033
200	10	2.5	1.765625	58414.849799999385
200	10	2.5	1.765625	69558.11860000026
200	10	2.5	1.765625	54351.675200000085
200	10	2.5	1.703125	50666.2106999997
200	10	2.0	2.203125	14810.105100000079
200	10	2.0	2.203125	11185.004500000052
200	10	2.0	1.9375	16638.7733999999
200	10	2.0	1.703125	17252.83079999986
200	10	2.0	2.6875	14874.125299999769
200	10	2.0	1.546875	19155.220299999855
200	10	2.0	1.84375	14972.437600000021
200	10	2.0	1.734375	11869.641999999994
200	10	2.0	1.828125	14330.542399999958
200	10	2.0	2.171875	8743.900800000029
200	10	1.5	2.375	3798.090500000003
200	10	1.5	2.375	2849.0970000000098
200	10	1.5	2.421875	4023.4471000000162
200	10	1.5	2.625	2871.283900000007
200	10	1.5	2.328125	3842.517000000008
200	10	1.5	3.296875	4218.96879999999
200	10	1.5	2.359375	5706.205499999942
200	10	1.5	2.328125	3428.259099999999
200	10	1.5	2.328125	3989.3761000000004
200	10	1.5	2.375	3250.708599999991
200	10	1.0	3.078125	1892.4391999999991
200	10	1.0	2.34375	1661.8917000000044
200	10	1.0	2.375	1736.1020999999926
200	10	1.0	2.4375	1736.5049999999999
200	10	1.0	2.65625	1840.2546999999959
200	10	1.0	2.421875	1952.7141999999885
200	10	1.0	2.328125	2162.101500000006
200	10	1.0	2.9375	1710.9742000000035
200	10	1.0	2.328125	1894.3190000000077
200	10	1.0	2.390625	1722.1697999999944
200	10	0.5	2.328125	1311.6540999999988
200	10	0.5	2.40625	1350.2954999999965
200	10	0.5	2.328125	1338.4087000000022
200	10	0.5	2.3125	1366.3652999999929
200	10	0.5	2.34375	1403.0331999999992
200	10	0.5	2.328125	1352.1500000000074
200	10	0.5	2.359375	1461.2430000000068
200	10	0.5	2.328125	1396.0048999999858
200	10	0.5	2.484375	1462.0171000000055
200	10	0.5	2.34375	1435.6621999999948
200	1	2.5	2.21875	63120.23469999994
200	1	2.5	2.0	40637.29739999993
200	1	2.5	1.84375	71814.78459999974
200	1	2.5	1.796875	73378.49210000009
200	1	2.5	1.78125	49088.33580000018
200	1	2.5	1.78125	78077.96170000033
200	1	2.5	1.765625	58414.849799999385
200	1	2.5	1.796875	69558.11860000026
200	1	2.5	1.765625	54351.675200000085
200	1	2.5	1.6875	50666.2106999997
200	1	2.0	2.265625	14733.434000000076
200	1	2.0	2.265625	11106.691700000052
200	1	2.0	2.015625	16615.8637999999
200	1	2.0	1.703125	17197.71449999986
200	1	2.0	2.625	14777.009699999775
200	1	2.0	1.484375	19146.220299999855
200	1	2.0	1.84375	14918.437600000021
200	1	2.0	1.78125	11831.971599999995
200	1	2.0	1.84375	14294.389199999954
200	1	2.0	2.109375	8654.005600000024
200	1	1.5	2.3125	3358.306199999999
200	1	1.5	2.34375	2517.7369000000103
200	1	1.5	2.328125	3742.641500000018
200	1	1.5	2.75	2492.8196999999986
200	1	1.5	2.390625	3481.743600000013
200	1	1.5	3.34375	3895.9424999999906
200	1	1.5	2.359375	5424.329999999941
200	1	1.5	2.34375	3066.2075000000027
200	1	1.5	2.375	3614.333800000001
200	1	1.5	2.34375	2844.66659999999
200	1	1.0	3.046875	1175.6841999999988
200	1	1.0	2.328125	925.384400000001
200	1	1.0	2.3125	1123.923499999992
200	1	1.0	2.421875	1036.6058999999998
200	1	1.0	2.625	1143.3124999999964
200	1	1.0	2.390625	1321.0891999999858
200	1	1.0	2.34375	1542.2434000000094
200	1	1.0	2.90625	1001.5259999999992
200	1	1.0	2.359375	1122.5491000000052
200	1	1.0	2.375	990.5961999999947
200	1	0.5	2.3125	296.4232999999995
200	1	0.5	2.390625	277.5958999999971
200	1	0.5	2.421875	335.45220000000063
200	1	0.5	2.375	351.20529999999303
200	1	0.5	2.3125	299.78329999999687
200	1	0.5	2.328125	363.29110000000196
200	1	0.5	2.34375	454.89110000001074
200	1	0.5	2.359375	315.9000999999939
200	1	0.5	2.359375	322.0158000000033
200	1	0.5	2.328125	358.21630000000005
400	100000	2.5	15.3125	177367.58149999857
400	100000	2.5	15.390625	256362.42509999726
400	100000	2.5	14.8125	239070.8532000003
400	100000	2.5	15.078125	231197.73310000304
400	100000	2.5	20.546875	208514.6677000001
400	100000	2.5	15.09375	257386.15850000083
400	100000	2.5	14.390625	213241.8986000008
400	100000	2.5	14.34375	195435.78210000042
400	100000	2.5	14.0625	317753.1272000016
400	100000	2.5	14.53125	197111.86779999922
400	100000	2.0	20.171875	66765.15229999975
400	100000	2.0	18.28125	50360.4628000004
400	100000	2.0	16.296875	38212.66739999945
400	100000	2.0	16.734375	48553.127900000094
400	100000	2.0	18.8125	62631.04539999855
400	100000	2.0	15.859375	57875.933700000794
400	100000	2.0	20.296875	51920.16049999985
400	100000	2.0	18.921875	45958.340900001094
400	100000	2.0	16.5	69399.44179999907
400	100000	2.0	17.625	54935.99009999894
400	100000	1.5	19.875	233597.18210000027
400	100000	1.5	20.6875	189538.3492
400	100000	1.5	19.546875	221101.3607999983
400	100000	1.5	19.875	207368.47460000074
400	100000	1.5	19.609375	202074.64790000045
400	100000	1.5	25.453125	214002.86739999955
400	100000	1.5	19.6875	225058.94429999954
400	100000	1.5	19.53125	233103.16909999936
400	100000	1.5	20.96875	199655.9859000027
400	100000	1.5	19.5625	241580.23080000014
400	100000	1.0	19.3125	349574.9048999999
400	100000	1.0	19.390625	315209.1561000007
400	100000	1.0	19.34375	343931.27499999944
400	100000	1.0	19.1875	319506.6441999992
400	100000	1.0	19.234375	329220.95189999946
400	100000	1.0	19.34375	332975.0817999988
400	100000	1.0	19.234375	343453.8832999999
400	100000	1.0	19.359375	352859.80900000036
400	100000	1.0	19.6875	330463.01439999905
400	100000	1.0	19.15625	359368.45279999985
400	100000	0.5	18.765625	438240.43680000043
400	100000	0.5	18.796875	424148.35800000053
400	100000	0.5	18.78125	428016.83210000064
400	100000	0.5	18.703125	431925.20669999975
400	100000	0.5	18.859375	449276.2307000005
400	100000	0.5	18.765625	435333.8605000006
400	100000	0.5	18.78125	436088.8574000001
400	100000	0.5	18.90625	439683.09529999975
400	100000	0.5	18.640625	429129.45970000065
400	100000	0.5	18.703125	443406.8115999992
400	10000	2.5	14.984375	177367.58149999857
400	10000	2.5	14.9375	256362.42509999726
400	10000	2.5	14.484375	239070.8532000003
400	10000	2.5	14.59375	231197.73310000304
400	10000	2.5	20.40625	208514.6677000001
400	10000	2.5	15.34375	257386.15850000083
400	10000	2.5	14.3125	213241.8986000008
400	10000	2.5	14.328125	195435.78210000042
400	10000	2.5	14.015625	317753.1272000016
400	10000	2.5	14.53125	197111.86779999922
400	10000	2.0	20.09375	50137.1323
400	10000	2.0	18.3125	50360.4628000004
400	10000	2.0	16.140625	38212.66739999945
400	10000	2.0	16.765625	44329.66419999983
400	10000	2.0	18.578125	62631.04539999855
400	10000	2.0	16.015625	55680.33439999944
400	10000	2.0	20.3125	46003.47879999991
400	10000	2.0	19.171875	32882.73220000006
400	10000	2.0	16.390625	69399.44179999907
400	10000	2.0	17.578125	41950.57969999931
400	10000	1.5	19.765625	80780.06120000024
400	10000	1.5	19.515625	74172.05679999992
400	10000	1.5	19.71875	72538.5396999992
400	10000	1.5	19.75	83267.52040000033
400	10000	1.5	19.890625	72888.67800000036
400	10000	1.5	25.40625	76505.25999999938
400	10000	1.5	19.59375	77802.19469999989
400	10000	1.5	19.640625	84124.62899999993
400	10000	1.5	20.671875	71427.36200000024
400	10000	1.5	19.46875	82418.97509999963
400	10000	1.0	19.34375	116962.63659999978
400	10000	1.0	19.1875	116348.24230000007
400	10000	1.0	19.125	118009.1291999998
400	10000	1.0	19.234375	123028.93949999964
400	10000	1.0	19.140625	116117.16180000009
400	10000	1.0	19.1875	120277.90499999971
400	10000	1.0	19.046875	118301.27499999976
400	10000	1.0	19.125	119670.4217999998
400	10000	1.0	19.40625	116671.1889999999
400	10000	1.0	19.296875	116267.81259999999
400	10000	0.5	18.78125	148634.77809999997
400	10000	0.5	18.703125	148806.30829999977
400	10000	0.5	18.84375	150691.24700000012
400	10000	0.5	18.625	152279.78110000002
400	10000	0.5	18.796875	148573.32100000003
400	10000	0.5	18.78125	151477.9698000001
400	10000	0.5	18.9375	150319.41460000005
400	10000	0.5	18.84375	151325.3781000001
400	10000	0.5	18.703125	150499.21660000033
400	10000	0.5	18.71875	150614.6819999997
400	1000	2.5	15.140625	177367.58149999857
400	1000	2.5	15.0625	256362.42509999726
400	1000	2.5	14.546875	239070.8532000003
400	1000	2.5	14.65625	231197.73310000304
400	1000	2.5	20.125	208514.6677000001
400	1000	2.5	15.015625	257386.15850000083
400	1000	2.5	14.59375	213241.8986000008
400	1000	2.5	14.1875	195435.78210000042
400	1000	2.5	14.015625	317753.1272000016
400	1000	2.5	14.4375	197111.86779999922
400	1000	2.0	19.84375	31092.868400000058
400	1000	2.0	18.21875	50360.4628000004
400	1000	2.0	16.25	32256.528300000038
400	1000	2.0	16.84375	34612.74369999984
400	1000	2.0	19.03125	54445.076899999855
400	1000	2.0	16.0	46680.33439999944
400	1000	2.0	20.46875	35603.13119999994
400	1000	2.0	19.171875	21704.243899999794
400	1000	2.0	16.515625	69399.44179999907
400	1000	2.0	17.9375	31797.36679999982
400	1000	1.5	20.234375	26929.27680000008
400	1000	1.5	20.53125	23627.9909000001
400	1000	1.5	19.84375	25058.66460000011
400	1000	1.5	19.75	26018.653299999933
400	1000	1.5	19.65625	26224.63649999999
400	1000	1.5	25.609375	25242.965599999927
400	1000	1.5	20.421875	25195.84799999992
400	1000	1.5	19.8125	24570.352700000098
400	1000	1.5	20.828125	24177.60229999991
400	1000	1.5	19.703125	28095.78519999985
400	1000	1.0	19.875	35848.624299999916
400	1000	1.0	19.3125	34040.4811999999
400	1000	1.0	19.484375	34560.204799999956
400	1000	1.0	19.40625	36806.09479999993
400	1000	1.0	19.40625	34836.37089999992
400	1000	1.0	19.34375	35683.81339999994
400	1000	1.0	19.078125	34711.553799999965
400	1000	1.0	19.328125	36842.083899999925
400	1000	1.0	19.59375	33999.37119999987
400	1000	1.0	19.203125	36321.570600000035
400	1000	0.5	18.765625	46135.360200000076
400	1000	0.5	18.578125	45478.628899999945
400	1000	0.5	18.921875	45387.0428000001
400	1000	0.5	18.75	46627.29279999996
400	1000	0.5	18.734375	44837.90459999997
400	1000	0.5	18.8125	45748.80040000008
400	1000	0.5	18.625	45804.70699999997
400	1000	0.5	18.75	47685.05069999992
400	1000	0.5	18.59375	45098.167900000066
400	1000	0.5	18.6875	46318.98709999989
400	100	2.5	15.078125	177367.58149999857
400	100	2.5	15.234375	256362.42509999726
400	100	2.5	14.671875	239070.8532000003
400	100	2.5	14.75	231197.73310000304
400	100	2.5	20.25	208514.6677000001
400	100	2.5	15.578125	257386.15850000083
400	100	2.5	14.640625	213241.8986000008
400	100	2.5	14.125	195435.78210000042
400	100	2.5	13.984375	317753.1272000016
400	100	2.5	14.625	197111.86779999922
400	100	2.0	19.796875	27663.17220000011
400	100	2.0	18.234375	49997.804500000406
400	100	2.0	16.21875	31356.528300000038
400	100	2.0	16.6875	32506.207599999656
400	100	2.0	18.671875	52931.46269999994
400	100	2.0	16.21875	44840.8258999994
400	100	2.0	20.640625	32272.38679999989
400	100	2.0	19.078125	18604.810099999708
400	100	2.0	16.390625	69053.95039999913
400	100	2.0	17.734375	27175.009399999803
400	100	1.5	19.96875	11739.89519999998
400	100	1.5	19.6875	11253.292700000064
400	100	1.5	19.59375	10374.232200000104
400	100	1.5	19.6875	9605.885399999986
400	100	1.5	19.765625	12562.701199999936
400	100	1.5	25.8125	11209.562400000044
400	100	1.5	19.5625	11832.848099999992
400	100	1.5	19.390625	9958.00889999999
400	100	1.5	20.8125	10748.753400000001
400	100	1.5	19.375	11806.111899999969
400	100	1.0	19.09375	10251.651100000006
400	100	1.0	19.296875	10090.077299999983
400	100	1.0	19.0625	9934.355799999983
400	100	1.0	19.03125	10495.422799999984
400	100	1.0	19.328125	10423.004999999957
400	100	1.0	19.15625	10243.96100000003
400	100	1.0	19.375	10539.38990000005
400	100	1.0	19.5625	10579.911299999985
400	100	1.0	19.734375	10347.86939999998
400	100	1.0	19.28125	10236.304899999996
400	100	0.5	18.890625	12517.027800000002
400	100	0.5	18.71875	12511.144099999976
400	100	0.5	18.875	12434.46190000002
400	100	0.5	18.625	12336.812799999994
400	100	0.5	18.828125	12417.280099999976
400	100	0.5	18.859375	12120.595800000025
400	100	0.5	18.734375	12241.539200000016
400	100	0.5	18.796875	12603.451199999996
400	100	0.5	18.78125	12629.90170000004
400	100	0.5	18.6875	12505.89369999999
400	10	2.5	14.921875	177367.58149999857
400	10	2.5	14.828125	256362.42509999726
400	10	2.5	14.671875	239070.8532000003
400	10	2.5	14.84375	231197.73310000304
400	10	2.5	20.21875	208514.6677000001
400	10	2.5	14.984375	257386.15850000083
400	10	2.5	14.5	213241.8986000008
400	10	2.5	14.234375	195435.78210000042
400	10	2.5	13.96875	317753.1272000016
400	10	2.5	14.671875	197111.86779999922
400	10	2.0	20.484375	26824.491600000125
400	10	2.0	18.359375	49901.39140000037
400	10	2.0	16.171875	31185.87440000005
400	10	2.0	16.765625	31744.51169999962
400	10	2.0	18.9375	52590.22929999994
400	10	2.0	16.015625	44495.13339999938
400	10	2.0	20.234375	31678.613199999898
400	10	2.0	19.171875	17913.503399999714
400	10	2.0	16.296875	68910.48549999914
400	10	2.0	18.015625	26192.862299999786
400	10	1.5	19.78125	7866.431399999965
400	10	1.5	19.671875	8032.9887000000535
400	10	1.5	19.5625	6839.590500000107
400	10	1.5	19.546875	5589.551999999986
400	10	1.5	19.71875	9152.579699999933
400	10	1.5	25.28125	7385.56840000013
400	10	1.5	19.796875	8542.40110000001
400	10	1.5	19.578125	5866.155299999995
400	10	1.5	20.59375	7580.352399999999
400	10	1.5	19.671875	7773.898799999929
400	10	1.0	19.1875	3384.053499999999
400	10	1.0	18.953125	3452.727899999994
400	10	1.0	19.1875	3288.892100000021
400	10	1.0	19.28125	3405.7491999999766
400	10	1.0	19.296875	3844.5329999999685
400	10	1.0	19.703125	3541.665800000017
400	10	1.0	19.03125	4009.9662000000258
400	10	1.0	19.3125	3390.9976000000056
400	10	1.0	19.6875	3335.8820000000233
400	10	1.0	19.25	3368.7787999999773
400	10	0.5	18.8125	2788.7629999999986
400	10	0.5	18.8125	2758.85289999998
400	10	0.5	18.828125	2728.632400000005
400	10	0.5	18.828125	2700.4935000000132
400	10	0.5	18.90625	2777.994000000009
400	10	0.5	18.875	2709.7751000000117
400	10	0.5	18.765625	2867.8541000000146
400	10	0.5	18.796875	2794.9995000000026
400	10	0.5	18.84375	2721.4444999999932
400	10	0.5	18.75	2841.0703000000062
400	1	2.5	14.9375	177367.58149999857
400	1	2.5	14.875	256362.42509999726
400	1	2.5	14.65625	239070.8532000003
400	1	2.5	14.71875	231197.73310000304
400	1	2.5	20.25	208514.6677000001
400	1	2.5	15.0625	257386.15850000083
400	1	2.5	14.453125	213241.8986000008
400	1	2.5	14.34375	195435.78210000042
400	1	2.5	14.140625	317753.1272000016
400	1	2.5	14.546875	197111.86779999922
400	1	2.0	20.0625	26657.51140000014
400	1	2.0	18.34375	49883.39140000037
400	1	2.0	16.3125	31158.66750000006
400	1	2.0	16.625	31610.655599999616
400	1	2.0	18.875	52511.72149999995
400	1	2.0	15.9375	44422.27139999936
400	1	2.0	20.359375	31596.7458999999
400	1	2.0	19.09375	17795.61619999971
400	1	2.0	16.453125	68866.30919999912
400	1	2.0	17.578125	26016.594499999766
400	1	1.5	20.140625	7121.383999999961
400	1	1.5	19.78125	7435.036700000058
400	1	1.5	20.0	6166.485900000128
400	1	1.5	19.65625	4821.390299999977
400	1	1.5	19.921875	8492.072999999935
400	1	1.5	25.46875	6680.790000000131
400	1	1.5	19.71875	7937.225300000006
400	1	1.5	19.53125	5093.403300000008
400	1	1.5	20.953125	6933.131299999987
400	1	1.5	19.484375	7023.743599999919
400	1	1.0	18.953125	2006.1867999999931
400	1	1.0	19.375	2105.6235000000015
400	1	1.0	19.4375	1935.073600000022
400	1	1.0	19.3125	2029.056399999979
400	1	1.0	19.390625	2510.6716999999717
400	1	1.0	19.234375	2242.9251000000254
400	1	1.0	19.453125	2623.496000000018
400	1	1.0	19.203125	1906.0203000000088
400	1	1.0	19.578125	1946.2088000000167
400	1	1.0	19.25	1943.2038999999868
400	1	0.5	18.671875	657.1564000000112
400	1	0.5	18.71875	658.9161999999842
400	1	0.5	18.875	662.5272999999979
400	1	0.5	19.046875	643.8999000000094
400	1	0.5	19.0625	674.8363000000122
400	1	0.5	18.90625	660.132099999998
400	1	0.5	18.859375	830.8469000000055
400	1	0.5	18.875	606.4589999999916
400	1	0.5	18.84375	603.6306999999888
400	1	0.5	18.6875	698.5463000000086
600	100000	2.5	38.28125	419237.375599996
600	100000	2.5	37.5625	614328.721300005
600	100000	2.5	37.5	519536.3813000014
600	100000	2.5	38.40625	543967.7488999979
600	100000	2.5	55.453125	496284.2498999961
600	100000	2.5	37.40625	512779.2745999945
600	100000	2.5	37.859375	506749.90800001204
600	100000	2.5	41.53125	450309.25459999347
600	100000	2.5	36.734375	546952.228499995
600	100000	2.5	37.0	477755.00999999704
600	100000	2.0	66.90625	119193.47830000552
600	100000	2.0	51.640625	98886.3332999986
600	100000	2.0	60.265625	80196.35219999828
600	100000	2.0	52.046875	63663.4017000001
600	100000	2.0	56.59375	96381.78440000158
600	100000	2.0	61.8125	104192.8342000014
600	100000	2.0	59.1875	93355.44099999781
600	100000	2.0	66.671875	99970.98209999845
600	100000	2.0	55.65625	63488.45440000085
600	100000	2.0	63.609375	125389.61740000347
600	100000	1.5	69.859375	378069.99350000196
600	100000	1.5	69.734375	318607.90400000126
600	100000	1.5	69.140625	353823.22179999866
600	100000	1.5	69.46875	356441.2069000016
600	100000	1.5	70.78125	330029.6018000035
600	100000	1.5	70.609375	370168.49529999995
600	100000	1.5	69.1875	373256.72819999926
600	100000	1.5	70.578125	374421.9344000015
600	100000	1.5	70.0625	359846.5958999994
600	100000	1.5	69.09375	384708.3251000017
600	100000	1.0	69.640625	567876.7370000012
600	100000	1.0	67.78125	533961.4842000025
600	100000	1.0	67.21875	532532.5972999998
600	100000	1.0	67.875	563761.835299998
600	100000	1.0	68.0	545588.4772000022
600	100000	1.0	68.59375	548990.8061000032
600	100000	1.0	67.625	539268.6411000001
600	100000	1.0	68.40625	553977.1308000006
600	100000	1.0	67.96875	544090.9142000022
600	100000	1.0	67.25	569086.2750999981
600	100000	0.5	65.4375	708799.3610999987
600	100000	0.5	68.421875	680239.3221000014
600	100000	0.5	66.046875	685604.9789
600	100000	0.5	67.015625	696993.4655999987
600	100000	0.5	66.6875	683510.7098999994
600	100000	0.5	65.828125	694149.8876000013
600	100000	0.5	68.03125	674963.3430999984
600	100000	0.5	66.6875	700552.4323999999
600	100000	0.5	66.84375	676944.1929999996
600	100000	0.5	65.984375	703020.7995000008
600	10000	2.5	37.71875	419237.375599996
600	10000	2.5	36.171875	614328.721300005
600	10000	2.5	36.875	519536.3813000014
600	10000	2.5	37.5	543967.7488999979
600	10000	2.5	55.4375	496284.2498999961
600	10000	2.5	37.015625	512779.2745999945
600	10000	2.5	36.796875	506749.90800001204
600	10000	2.5	40.75	450309.25459999347
600	10000	2.5	36.359375	546952.228499995
600	10000	2.5	36.96875	477755.00999999704
600	10000	2.0	65.890625	73805.29279999946
600	10000	2.0	51.109375	98886.3332999986
600	10000	2.0	59.875	73176.6027999983
600	10000	2.0	51.6875	62928.59980000019
600	10000	2.0	56.1875	96381.78440000158
600	10000	2.0	61.28125	66618.13370000015
600	10000	2.0	59.765625	76353.98389999906
600	10000	2.0	68.0625	62115.72579999971
600	10000	2.0	56.046875	63488.45440000085
600	10000	2.0	65.0625	82521.76819999836
600	10000	1.5	69.796875	120593.60879999923
600	10000	1.5	69.8125	111376.4909999994
600	10000	1.5	69.53125	117454.84529999984
600	10000	1.5	69.234375	128287.19620000034
600	10000	1.5	70.5625	119952.18380000102
600	10000	1.5	70.453125	121991.62929999936
600	10000	1.5	69.5625	123177.44810000017
600	10000	1.5	69.578125	122679.79710000027
600	10000	1.5	69.921875	123779.92369999974
600	10000	1.5	69.296875	123507.27889999974
600	10000	1.0	67.8125	173627.14750000008
600	10000	1.0	68.40625	170699.9384000006
600	10000	1.0	68.890625	179615.50610000014
600	10000	1.0	68.46875	187758.09870000003
600	10000	1.0	67.296875	185213.16460000112
600	10000	1.0	69.40625	181666.48910000012
600	10000	1.0	67.453125	183511.20310000007
600	10000	1.0	68.703125	180049.1881999998
600	10000	1.0	68.4375	184913.32330000107
600	10000	1.0	67.46875	184040.34679999916
600	10000	0.5	66.625	223672.86379999993
600	10000	0.5	66.375	222335.27270000003
